[0.6678966789667896,
 0.8548585485854858,
 0.981549815498155,
 0.985239852398524,
 0.895320197044335,
 0.8620689655172413,
 1.0,
 0.9975369458128078,
 0.6231527093596059,
 0.9248768472906403]

[0.6900369003690037,
 0.997539975399754,
 1.0,
 0.998769987699877,
 0.9963054187192119,
 1.0,
 1.0,
 1.0,
 0.8928571428571429,
 1.0]

[0.6851168511685117,
 1.0,
 1.0,
 1.0,
 1.0,
 1.0,
 1.0,
 1.0,
 0.9261083743842364,
 1.0]

[0.6851168511685117,
 1.0,
 1.0,
 1.0,
 1.0,
 1.0,
 1.0,
 1.0,
 0.9704433497536946,
 1.0]